id,direction,scheduled,flight_number,city,airline,terminal,gate,last_status,created_at,updated_at,is_primary,actual,flight_guid,plane
2063394,d,2015-05-24 04:30:00 +0200,QS1138,Heraklion (GR),Travel Service,Terminal 2,D3,Departed 04:38,2016-07-17 03:45:39 +0200,2016-12-09 09:24:05 +0100,true,2015-05-24 04:38:00 +0200,,
2069034,d,2015-05-24 04:45:00 +0200,QS1190,Antalya (TR),Travel Service,Terminal 1,A6,Departed 05:05,2016-07-17 03:45:39 +0200,2016-12-09 09:24:51 +0100,true,2015-05-24 05:05:00 +0200,,
2062209,d,2015-05-24 04:50:00 +0200,QS1126,Kos (GR),Travel Service,Terminal 2,D2,Departed 04:47,2016-07-17 03:45:39 +0200,2016-12-09 09:23:56 +0100,true,2015-05-24 04:47:00 +0200,,
2056148,d,2015-05-24 04:55:00 +0200,QS1102,Heraklion (GR),Travel Service,Terminal 2,D5,Departed 05:14,2016-07-17 03:45:39 +0200,2016-12-09 09:23:13 +0100,true,2015-05-24 05:14:00 +0200,,
1718388,d,2015-05-24 06:00:00 +0200,LH1403,Frankfurt (DE),Lufthansa,Terminal 2,C9,Departed 06:05,2016-07-17 03:45:39 +0200,2016-12-09 08:55:49 +0100,true,2015-05-24 06:05:00 +0200,,
1764998,d,2015-05-24 06:00:00 +0200,W62691,Naples (IT),Wizz Air,Terminal 2,C21,Departed 06:04,2016-07-17 03:45:39 +0200,2016-12-09 09:50:49 +0100,true,2015-05-24 06:04:00 +0200,,
1792649,d,2015-05-24 06:20:00 +0200,KL1350,Amsterdam (NL),Klm Royal Dutch Airlines,Terminal 2,C4,Departed 06:13,2016-07-17 03:45:39 +0200,2016-12-09 08:51:01 +0100,true,2015-05-24 06:13:00 +0200,,
1826325,d,2015-05-24 07:00:00 +0200,BA0853,London/Heathrow (GB),British Airways,Terminal 1,A3,Departed 06:54,2016-07-17 03:45:39 +0200,2016-12-09 08:28:29 +0100,true,2015-05-24 06:54:00 +0200,,
1836069,d,2015-05-24 07:10:00 +0200,OK0758,Paris/CDG (FR),Czech Airlines,Terminal 2,C2,Departed 07:15,2016-07-17 03:45:39 +0200,2016-12-09 09:07:39 +0100,true,2015-05-24 07:15:00 +0200,,
2021545,d,2015-05-24 07:35:00 +0200,OK0908,Moscow/Sheremetyevo (RU) via Karlovy Vary (CZ),Czech Airlines,Terminal 1,B14,Departed 07:36,2016-07-17 03:45:39 +0200,2016-12-09 09:10:39 +0100,true,2015-05-24 07:36:00 +0200,,
1795076,d,2015-05-24 07:40:00 +0200,FH0122,Antalya (TR),Freebird Airlines,Terminal 1,A4,Departed 07:40,2016-07-17 03:45:39 +0200,2016-12-09 08:43:01 +0100,true,2015-05-24 07:40:00 +0200,,
1852452,d,2015-05-24 08:05:00 +0200,LX1473,Geneva (CH),Swiss International Air Lines,Terminal 2,C7,Departed 08:05,2016-07-17 03:45:39 +0200,2016-12-09 08:58:31 +0100,true,2015-05-24 08:05:00 +0200,,
2033729,d,2015-05-24 08:10:00 +0200,OS0704,Vienna (AT),Austrian Airlines,Terminal 2,C13,Departed 08:08,2016-07-17 03:45:39 +0200,2016-12-09 09:19:31 +0100,true,2015-05-24 08:08:00 +0200,,
1924758,d,2015-05-24 08:50:00 +0200,KL1352,Amsterdam (NL),Klm Royal Dutch Airlines,Terminal 2,C4,Departed 08:45,2016-07-17 03:45:39 +0200,2016-12-09 08:51:14 +0100,true,2015-05-24 08:45:00 +0200,,
1918262,d,2015-05-24 09:30:00 +0200,JU0611,Belgrade (RS),Air Serbia,Terminal 1,B16,Departed 09:28,2016-07-17 03:45:39 +0200,2016-12-09 08:46:53 +0100,true,2015-05-24 09:28:00 +0200,,
1624707,d,2015-05-24 09:35:00 +0200,LH1689,Munich (DE),Lufthansa,Terminal 2,C11,Departed 09:33,2016-07-17 03:45:39 +0200,2016-12-09 08:56:00 +0100,true,2015-05-24 09:33:00 +0200,,
1689208,d,2015-05-24 09:45:00 +0200,RO0226,Bucharest (RO),Tarom,Terminal 1,A8,Departed 09:35,2016-07-17 03:45:39 +0200,2016-12-09 09:35:23 +0100,true,2015-05-24 09:35:00 +0200,,
1911670,d,2015-05-24 09:50:00 +0200,EZY4974,Rome/Fiumicino (IT),Easyjet,Terminal 2,D6,Departed 09:41,2016-07-17 03:45:39 +0200,2016-12-09 08:41:41 +0100,true,2015-05-24 09:41:00 +0200,,
1715508,d,2015-05-24 09:55:00 +0200,AF1383,Paris/CDG (FR),Air France,Terminal 2,C2,Departed 09:44,2016-07-17 03:45:39 +0200,2016-12-09 08:24:11 +0100,true,2015-05-24 09:44:00 +0200,,
1914915,d,2015-05-24 10:05:00 +0200,FR1014,London/Stansted (GB),Ryanair,Terminal 1,B14,Departed 10:10,2016-07-17 03:45:39 +0200,2016-12-09 08:43:09 +0100,true,2015-05-24 10:10:00 +0200,,
1987462,d,2015-05-24 10:10:00 +0200,OK0700,Madrid (ES),Czech Airlines,Terminal 2,C3,Departed 10:11,2016-07-17 03:45:39 +0200,2016-12-09 09:06:13 +0100,true,2015-05-24 10:11:00 +0200,,
1730127,d,2015-05-24 10:15:00 +0200,SU2011,Moscow/Sheremetyevo (RU),Aeroflot,Terminal 1,A4,Departed 10:11,2016-07-17 03:45:39 +0200,2016-12-09 09:38:49 +0100,true,2015-05-24 10:11:00 +0200,,
1683091,d,2015-05-24 10:25:00 +0200,LX1485,Zurich (CH),Swiss International Air Lines,Terminal 2,C6,Departed 10:23,2016-07-17 03:45:39 +0200,2016-12-09 08:58:44 +0100,true,2015-05-24 10:23:00 +0200,,
1932759,d,2015-05-24 10:35:00 +0200,LH1393,Frankfurt (DE),Lufthansa,Terminal 2,C9,Departed 10:33,2016-07-17 03:45:39 +0200,2016-12-09 08:54:39 +0100,true,2015-05-24 10:33:00 +0200,,
1849313,d,2015-05-24 10:35:00 +0200,R30764,Krasnodar (RU),Yakutia Airlines,Terminal 1,A5,Departed 11:41,2016-07-17 03:45:39 +0200,2016-12-09 09:35:14 +0100,true,2015-05-24 11:41:00 +0200,,
1841065,d,2015-05-24 10:40:00 +0200,AB8243,Berlin/Tegel (DE),Air Berlin,Terminal 2,C20,Departed 10:32,2016-07-17 03:45:39 +0200,2016-12-09 08:21:17 +0100,true,2015-05-24 10:32:00 +0200,,
1916655,d,2015-05-24 10:40:00 +0200,FV6222,St Petersburg (RU),Rossiya Airlines,Terminal 1,A6,Departed 10:33,2016-07-17 03:45:39 +0200,2016-12-09 08:44:02 +0100,true,2015-05-24 10:33:00 +0200,,
1854566,d,2015-05-24 10:45:00 +0200,VY8653,Barcelona (ES),Vueling,Terminal 2,D5,Departed 10:41,2016-07-17 03:45:39 +0200,2016-12-09 09:49:52 +0100,true,2015-05-24 10:41:00 +0200,,
1670798,d,2015-05-24 10:50:00 +0200,QS1198,Moscow/Sheremetyevo (RU),Travel Service,Terminal 1,B5,Departed 10:51,2016-07-17 03:45:39 +0200,2016-12-09 09:25:01 +0100,true,2015-05-24 10:51:00 +0200,,
1807252,d,2015-05-24 11:00:00 +0200,LX1461,Basel/Mulhouse (CH),Swiss International Air Lines,Terminal 2,C6,Departed 11:02,2016-07-17 03:45:39 +0200,2016-12-09 08:58:21 +0100,true,2015-05-24 11:02:00 +0200,,
1788439,d,2015-05-24 11:00:00 +0200,W62601,London/Luton (GB),Wizz Air,Terminal 1,B10,Departed 11:02,2016-07-17 03:45:39 +0200,2016-12-09 09:50:17 +0100,true,2015-05-24 11:02:00 +0200,,
1804070,d,2015-05-24 11:15:00 +0200,BA0855,London/Heathrow (GB),British Airways,Terminal 1,A3,Departed 11:13,2016-07-17 03:45:39 +0200,2016-12-09 08:28:43 +0100,true,2015-05-24 11:13:00 +0200,,
1800394,d,2015-05-24 11:15:00 +0200,OK0450,Stavanger (NO),Czech Airlines,Terminal 2,C10,Departed 11:05,2016-07-17 03:45:39 +0200,2016-12-09 09:01:56 +0100,true,2015-05-24 11:05:00 +0200,,
1985253,d,2015-05-24 11:25:00 +0200,OK0688,Barcelona (ES),Czech Airlines,Terminal 2,C19,Departed 11:30,2016-07-17 03:45:39 +0200,2016-12-09 09:05:58 +0100,true,2015-05-24 11:30:00 +0200,,
1798001,d,2015-05-24 11:25:00 +0200,OK0744,Nice (FR),Czech Airlines,Terminal 2,C7,Departed 11:26,2016-07-17 03:45:39 +0200,2016-12-09 09:07:25 +0100,true,2015-05-24 11:26:00 +0200,,
2037232,d,2015-05-24 11:25:00 +0200,OS0706,Vienna (AT),Austrian Airlines,Terminal 2,C13,Departed 11:26,2016-07-17 03:45:39 +0200,2016-12-09 09:19:49 +0100,true,2015-05-24 11:26:00 +0200,,
1853610,d,2015-05-24 11:30:00 +0200,OK0894,Moscow/Sheremetyevo (RU),Czech Airlines,Terminal 1,B4,Departed 11:38,2016-07-17 03:45:39 +0200,2016-12-09 09:10:06 +0100,true,2015-05-24 11:38:00 +0200,,
2048895,d,2015-05-24 11:30:00 +0200,QS1008,Rome/Fiumicino (IT),Travel Service,Terminal 2,D3,Departed 11:27,2016-07-17 03:45:39 +0200,2016-12-09 09:22:13 +0100,true,2015-05-24 11:27:00 +0200,,
2074007,d,2015-05-24 11:30:00 +0200,QS2032,Fuerteventura (ES) via Lanzarote (ES),Travel Service,Terminal 2,D4,Departed 11:38,2016-07-17 03:45:39 +0200,2016-12-09 09:25:41 +0100,true,2015-05-24 11:38:00 +0200,,
1829729,d,2015-05-24 11:35:00 +0200,AY0716,Helsinki (FI),Finnair,Terminal 2,D2,Departed 11:34,2016-07-17 03:45:39 +0200,2016-12-09 08:26:16 +0100,true,2015-05-24 11:34:00 +0200,,
1695329,d,2015-05-24 11:40:00 +0200,OK0802,Bucharest (RO),Czech Airlines,Terminal 1,B8,Departed 11:37,2016-07-17 03:45:39 +0200,2016-12-09 09:09:25 +0100,true,2015-05-24 11:37:00 +0200,,
1705838,d,2015-05-24 11:40:00 +0200,SN2810,Brussels/Zaventem (BE),Brussels Airlines,Terminal 2,C20,Departed 12:01,2016-07-17 03:45:39 +0200,2016-12-09 09:36:24 +0100,true,2015-05-24 12:01:00 +0200,,
2008590,d,2015-05-24 11:55:00 +0200,OK0790,Budapest (HU),Czech Airlines,Terminal 2,C17,Departed 11:58,2016-07-17 03:45:39 +0200,2016-12-09 09:09:16 +0100,true,2015-05-24 11:58:00 +0200,,
1952826,d,2015-05-24 12:00:00 +0200,OK0490,Stockholm/Arlanda (SE),Czech Airlines,Terminal 2,D1,Departed 12:06,2016-07-17 03:45:39 +0200,2016-12-09 09:02:01 +0100,true,2015-05-24 12:06:00 +0200,,
1698238,d,2015-05-24 12:00:00 +0200,TK1768,Istanbul/Atatürk (TR),Turkish Airlines,Terminal 1,A5,Departed 12:10,2016-07-17 03:45:39 +0200,2016-12-09 09:41:26 +0100,true,2015-05-24 12:10:00 +0200,,
1949119,d,2015-05-24 12:05:00 +0200,OK0024,Ostrava (CZ),Czech Airlines,Terminal 2,C14,Departed 12:01,2016-07-17 03:45:39 +0200,2016-12-09 09:01:17 +0100,true,2015-05-24 12:01:00 +0200,,
1837140,d,2015-05-24 12:05:00 +0200,OK0782,Warsaw (PL),Czech Airlines,Terminal 2,C18,Departed 12:04,2016-07-17 03:45:39 +0200,2016-12-09 09:08:43 +0100,true,2015-05-24 12:04:00 +0200,,
2024411,d,2015-05-24 12:05:00 +0200,OK0972,Kosice (SK),Czech Airlines,Terminal 2,C15,Departed 12:02,2016-07-17 03:45:39 +0200,2016-12-09 09:11:31 +0100,true,2015-05-24 12:02:00 +0200,,
1712445,d,2015-05-24 12:15:00 +0200,QS1084,Dubrovnik (HR),Travel Service,Terminal 1,"",Cancelled,2016-07-17 03:45:39 +0200,2016-12-08 08:53:23 +0100,true,,,
1997343,d,2015-05-24 12:20:00 +0200,OK0730,Bologna (IT),Czech Airlines,Terminal 2,C16,Departed 12:23,2016-07-17 03:45:39 +0200,2016-12-09 09:07:05 +0100,true,2015-05-24 12:23:00 +0200,,
1716778,d,2015-05-24 12:25:00 +0200,EZY2582,Milan/Malpensa (IT),Easyjet,Terminal 2,D6,Departed 12:19,2016-07-17 03:45:39 +0200,2016-12-09 08:40:39 +0100,true,2015-05-24 12:19:00 +0200,,
1794961,d,2015-05-24 12:25:00 +0200,OK0760,Paris/CDG (FR),Czech Airlines,Terminal 2,C2,Departed 12:20,2016-07-17 03:45:39 +0200,2016-12-09 09:07:52 +0100,true,2015-05-24 12:20:00 +0200,,
2053618,d,2015-05-24 12:25:00 +0200,QS1082,Split (HR),Travel Service,Terminal 1,A2,Departed 12:28,2016-07-17 03:45:39 +0200,2016-12-09 09:22:53 +0100,true,2015-05-24 12:28:00 +0200,,
1696887,d,2015-05-24 12:50:00 +0200,EZY3808,Amsterdam (NL),Easyjet,Terminal 2,D5,Departed 12:56,2016-07-17 03:45:39 +0200,2016-12-09 08:41:31 +0100,true,2015-05-24 12:56:00 +0200,,
1698879,d,2015-05-24 12:55:00 +0200,EZY5494,London/Gatwick (GB),Easyjet,Terminal 1,B1,Departed 13:08,2016-07-17 03:45:39 +0200,2016-12-09 08:41:57 +0100,true,2015-05-24 13:08:00 +0200,,
2093304,d,2015-05-24 12:55:00 +0200,SU2013,Moscow/Sheremetyevo (RU),Aeroflot,Terminal 1,A4,Departed 12:49,2016-07-17 03:45:39 +0200,2016-12-09 09:39:01 +0100,true,2015-05-24 12:49:00 +0200,,
1701221,d,2015-05-24 13:00:00 +0200,4U7779,Hamburg (DE),Germanwings,Terminal 2,C20,Departed 13:08,2016-07-17 03:45:39 +0200,2016-12-09 08:18:22 +0100,true,2015-05-24 13:08:00 +0200,,
1855098,d,2015-05-24 13:10:00 +0200,LO0528,Warsaw (PL),Lot Polish Airlines,Terminal 2,C5,Departed 13:05,2016-07-17 03:45:39 +0200,2016-12-09 08:57:43 +0100,true,2015-05-24 13:05:00 +0200,,
1685298,d,2015-05-24 13:15:00 +0200,LH1691,Munich (DE),Lufthansa,Terminal 2,C11,Departed 13:11,2016-07-17 03:45:39 +0200,2016-12-09 08:56:16 +0100,true,2015-05-24 13:11:00 +0200,,
1699184,d,2015-05-24 13:20:00 +0200,DY3581,Copenhagen (DK),Norwegian,Terminal 2,D4,Departed 13:23,2016-07-17 03:45:39 +0200,2016-12-09 08:37:36 +0100,true,2015-05-24 13:23:00 +0200,,
1854151,d,2015-05-24 13:35:00 +0200,BA0863,London/Heathrow (GB),British Airways,Terminal 1,A3,Departed 13:49,2016-07-17 03:45:39 +0200,2016-12-09 08:29:28 +0100,true,2015-05-24 13:49:00 +0200,,
1693225,d,2015-05-24 13:40:00 +0200,SK1770,Stockholm/Arlanda (SE),Sas Scandinavian Airlines Syst,Terminal 2,C10,Departed 13:34,2016-07-17 03:45:39 +0200,2016-12-09 09:36:06 +0100,true,2015-05-24 13:34:00 +0200,,
1713532,d,2015-05-24 13:50:00 +0200,B20862,Minsk (BY),Belavia,Terminal 1,A9,Departed 13:55,2016-07-17 03:45:39 +0200,2016-12-09 08:28:18 +0100,true,2015-05-24 13:55:00 +0200,,
1712069,d,2015-05-24 13:50:00 +0200,FZ0782,Dubai (AE),Flydubai,Terminal 1,A8,Departed 13:46,2016-07-17 03:45:39 +0200,2016-12-09 08:44:12 +0100,true,2015-05-24 13:46:00 +0200,,
1847234,d,2015-05-24 14:05:00 +0200,A54417,Lyon (FR),Hop!,Terminal 2,C18,Departed 14:19,2016-07-17 03:45:39 +0200,2016-12-09 08:20:06 +0100,true,2015-05-24 14:19:00 +0200,,
1843954,d,2015-05-24 14:05:00 +0200,LH1397,Frankfurt (DE),Lufthansa,Terminal 2,C9,Departed 14:17,2016-07-17 03:45:39 +0200,2016-12-09 08:55:08 +0100,true,2015-05-24 14:17:00 +0200,,
2099351,d,2015-05-24 14:10:00 +0200,IB3149,Madrid (ES),Iberia,Terminal 2,D5,Departed 14:08,2016-07-17 03:45:39 +0200,2016-12-09 08:44:44 +0100,true,2015-05-24 14:08:00 +0200,,
1711110,d,2015-05-24 14:20:00 +0200,KL1356,Amsterdam (NL),Klm Royal Dutch Airlines,Terminal 2,C4,Departed 14:29,2016-07-17 03:45:39 +0200,2016-12-09 08:51:28 +0100,true,2015-05-24 14:29:00 +0200,,
1608876,d,2015-05-24 14:20:00 +0200,PS0808,Kiev/Borispol (UA),Ukraine International Airlines,Terminal 1,A2,Departed 14:26,2016-07-17 03:45:39 +0200,2016-12-09 09:21:41 +0100,true,2015-05-24 14:26:00 +0200,,
1723036,d,2015-05-24 14:35:00 +0200,SK0768,Copenhagen (DK),Sas Scandinavian Airlines Syst,Terminal 2,C11,Departed 14:29,2016-07-17 03:45:39 +0200,2016-12-09 09:35:55 +0100,true,2015-05-24 14:29:00 +0200,,
1694753,d,2015-05-24 14:45:00 +0200,LX1487,Zurich (CH),Swiss International Air Lines,Terminal 2,C6,Departed 14:48,2016-07-17 03:45:39 +0200,2016-12-09 08:58:58 +0100,true,2015-05-24 14:48:00 +0200,,
1786506,d,2015-05-24 14:45:00 +0200,TK1772,Istanbul/Atatürk (TR),Turkish Airlines,Terminal 1,A4,Departed 15:04,2016-07-17 03:45:39 +0200,2016-12-09 09:41:47 +0100,true,2015-05-24 15:04:00 +0200,,
1693760,d,2015-05-24 14:55:00 +0200,BT0482,Riga (LV),Air Baltic,Terminal 2,C20,Departed 14:54,2016-07-17 03:45:39 +0200,2016-12-09 08:30:12 +0100,true,2015-05-24 14:54:00 +0200,,
1981419,d,2015-05-24 15:00:00 +0200,UN0360,Moscow/Vnukovo (RU),Transaero Airlines,Terminal 1,A3,Departed 19:02,2016-07-17 03:45:39 +0200,2016-12-09 09:47:53 +0100,true,2015-05-24 19:02:00 +0200,,
2045197,d,2015-05-24 15:10:00 +0200,PC0454,Istanbul/Sabiha Gokcen (TR),Pegasus Airlines,Terminal 1,B7,Departed 15:43,2016-07-17 03:45:39 +0200,2016-12-09 09:21:27 +0100,true,2015-05-24 15:43:00 +0200,,
1591964,d,2015-05-24 15:10:00 +0200,V72207,Nantes (FR),Volotea,Terminal 2,C19,Departed 15:25,2016-07-17 03:45:39 +0200,2016-12-09 09:49:02 +0100,true,2015-05-24 15:25:00 +0200,,
1713560,d,2015-05-24 15:35:00 +0200,IB3147,Madrid (ES),Iberia,Terminal 2,D5,Departed 15:40,2016-07-17 03:45:39 +0200,2016-12-09 08:44:36 +0100,true,2015-05-24 15:40:00 +0200,,
1754630,d,2015-05-24 15:35:00 +0200,VY6161,Rome/Fiumicino (IT),Vueling,Terminal 2,D6,Departed 16:05,2016-07-17 03:45:39 +0200,2016-12-09 09:49:46 +0100,true,2015-05-24 16:05:00 +0200,,
1902680,d,2015-05-24 15:45:00 +0200,EK0140,Dubai (AE),Emirates,Terminal 1,A6,Departed 15:40,2016-07-17 03:45:39 +0200,2016-12-09 08:38:23 +0100,true,2015-05-24 15:40:00 +0200,,
1686838,d,2015-05-24 15:50:00 +0200,AF1083,Paris/CDG (FR),Air France,Terminal 2,C2,Departed 15:46,2016-07-17 03:45:39 +0200,2016-12-09 08:23:55 +0100,true,2015-05-24 15:46:00 +0200,,
1688080,d,2015-05-24 16:00:00 +0200,W62681,Milan/Bergamo (IT),Wizz Air,Terminal 2,C21,Departed 16:05,2016-07-17 03:45:39 +0200,2016-12-09 09:50:34 +0100,true,2015-05-24 16:05:00 +0200,,
1914106,d,2015-05-24 16:05:00 +0200,FB0302,Sofia (BG),Bulgaria Air,Terminal 1,B14,Departed 16:06,2016-07-17 03:45:39 +0200,2016-12-09 08:42:55 +0100,true,2015-05-24 16:06:00 +0200,,
1832399,d,2015-05-24 16:15:00 +0200,EI0645,Dublin (IE),Aer Lingus,Terminal 1,A2,Departed 16:13,2016-07-17 03:45:39 +0200,2016-12-09 08:38:09 +0100,true,2015-05-24 16:13:00 +0200,,
2089890,d,2015-05-24 16:15:00 +0200,SM0421,Hurghada (EG),Air Cairo,Terminal 1,A6,Departed 18:00,2016-07-17 03:45:39 +0200,2016-12-09 09:36:10 +0100,true,2015-05-24 18:00:00 +0200,,
1844540,d,2015-05-24 16:20:00 +0200,EZY1802,Manchester (GB),Easyjet,Terminal 1,B1,Departed 16:09,2016-07-17 03:45:39 +0200,2016-12-09 08:40:27 +0100,true,2015-05-24 16:09:00 +0200,,
1734693,d,2015-05-24 16:20:00 +0200,JP0569,Ljubljana (SI),Adria Airways,Terminal 2,C18,"",2016-07-17 03:45:39 +0200,2016-12-08 08:16:15 +0100,true,,,
1848281,d,2015-05-24 16:25:00 +0200,FR2122,Brussels/Charleroi (BE),Ryanair,Terminal 2,C19,Departed 16:32,2016-07-17 03:45:39 +0200,2016-12-09 08:43:28 +0100,true,2015-05-24 16:32:00 +0200,,
1842719,d,2015-05-24 16:40:00 +0200,OK0726,Rome/Fiumicino (IT),Czech Airlines,Terminal 2,C6,Departed 16:37,2016-07-17 03:45:39 +0200,2016-12-09 09:06:59 +0100,true,2015-05-24 16:37:00 +0200,,
1712989,d,2015-05-24 16:45:00 +0200,EZY6962,Edinburgh (GB),Easyjet,Terminal 1,B5,Departed 16:49,2016-07-17 03:45:39 +0200,2016-12-09 08:42:32 +0100,true,2015-05-24 16:49:00 +0200,,
1776188,d,2015-05-24 16:50:00 +0200,LH1693,Munich (DE),Lufthansa,Terminal 2,C11,Departed 16:48,2016-07-17 03:45:39 +0200,2016-12-09 08:56:31 +0100,true,2015-05-24 16:48:00 +0200,,
1803654,d,2015-05-24 16:50:00 +0200,OK0502,Billund (DK),Czech Airlines,Terminal 2,C14,Departed 16:50,2016-07-17 03:45:39 +0200,2016-12-09 09:02:15 +0100,true,2015-05-24 16:50:00 +0200,,
1714839,d,2015-05-24 16:55:00 +0200,4U9775,Dusseldorf (DE),Germanwings,Terminal 2,C20,Departed 17:02,2016-07-17 03:45:39 +0200,2016-12-09 08:18:40 +0100,true,2015-05-24 17:02:00 +0200,,
1832132,d,2015-05-24 16:55:00 +0200,DY4572,Stockholm/Arlanda (SE),Norwegian,Terminal 2,D5,Departed 17:02,2016-07-17 03:45:39 +0200,2016-12-09 08:37:50 +0100,true,2015-05-24 17:02:00 +0200,,
2017746,d,2015-05-24 16:55:00 +0200,OK0904,Moscow/Sheremetyevo (RU),Czech Airlines,Terminal 1,B8,Departed 16:55,2016-07-17 03:45:39 +0200,2016-12-09 09:10:27 +0100,true,2015-05-24 16:55:00 +0200,,
1763713,d,2015-05-24 17:10:00 +0200,AZ0513,Rome/Fiumicino (IT),Alitalia,Terminal 2,D2,Departed 17:09,2016-07-17 03:45:39 +0200,2016-12-09 08:26:54 +0100,true,2015-05-24 17:09:00 +0200,,
1964736,d,2015-05-24 17:25:00 +0200,OK0526,Dusseldorf (DE),Czech Airlines,Terminal 2,C15,Departed 17:34,2016-07-17 03:45:39 +0200,2016-12-09 09:03:36 +0100,true,2015-05-24 17:34:00 +0200,,
1976949,d,2015-05-24 17:25:00 +0200,OK0618,Amsterdam (NL),Czech Airlines,Terminal 2,C2,Departed 17:25,2016-07-17 03:45:39 +0200,2016-12-09 09:05:14 +0100,true,2015-05-24 17:25:00 +0200,,
1680900,d,2015-05-24 17:25:00 +0200,U60702,Ekaterinburg (RU),Ural Airlines,Terminal 1,A9,Departed 17:23,2016-07-17 03:45:39 +0200,2016-12-09 09:43:51 +0100,true,2015-05-24 17:23:00 +0200,,
1995177,d,2015-05-24 17:35:00 +0200,OK0722,Milan/Malpensa (IT),Czech Airlines,Terminal 2,C4,Departed 17:28,2016-07-17 03:45:39 +0200,2016-12-09 09:06:41 +0100,true,2015-05-24 17:28:00 +0200,,
1836583,d,2015-05-24 17:35:00 +0200,OK0766,Paris/CDG (FR),Czech Airlines,Terminal 2,C7,Departed 17:42,2016-07-17 03:45:39 +0200,2016-12-09 09:08:09 +0100,true,2015-05-24 17:42:00 +0200,,
2004768,d,2015-05-24 17:35:00 +0200,OK0778,Warsaw (PL),Czech Airlines,Terminal 2,C16,Departed 17:38,2016-07-17 03:45:39 +0200,2016-12-09 09:08:31 +0100,true,2015-05-24 17:38:00 +0200,,
1702445,d,2015-05-24 17:40:00 +0200,FR7327,Dublin (IE),Ryanair,Terminal 1,B10,Departed 17:39,2016-07-17 03:45:39 +0200,2016-12-09 08:43:40 +0100,true,2015-05-24 17:39:00 +0200,,
1834667,d,2015-05-24 17:40:00 +0200,OK0544,Gothenburg (SE) via Hamburg (DE),Czech Airlines,Terminal 2,C14,Departed 17:42,2016-07-17 03:45:39 +0200,2016-12-09 09:04:37 +0100,true,2015-05-24 17:42:00 +0200,,
1981494,d,2015-05-24 17:40:00 +0200,OK0636,Brussels/Zaventem (BE),Czech Airlines,Terminal 2,D3,Departed 17:37,2016-07-17 03:45:39 +0200,2016-12-09 09:05:39 +0100,true,2015-05-24 17:37:00 +0200,,
2007549,d,2015-05-24 17:50:00 +0200,OK0788,Budapest (HU),Czech Airlines,Terminal 2,C17,Departed 17:52,2016-07-17 03:45:39 +0200,2016-12-09 09:09:04 +0100,true,2015-05-24 17:52:00 +0200,,
1782188,d,2015-05-24 17:50:00 +0200,SU2015,Moscow/Sheremetyevo (RU),Aeroflot,Terminal 1,A4,Departed 17:44,2016-07-17 03:45:39 +0200,2016-12-09 09:39:24 +0100,true,2015-05-24 17:44:00 +0200,,
1970292,d,2015-05-24 18:00:00 +0200,OK0536,Frankfurt (DE),Czech Airlines,Terminal 2,C10,Departed 17:48,2016-07-17 03:45:39 +0200,2016-12-09 09:04:17 +0100,true,2015-05-24 17:48:00 +0200,,
2057470,d,2015-05-24 18:00:00 +0200,QS1106,Heraklion (GR),Travel Service,Terminal 2,C3,Departed 18:17,2016-07-17 03:45:39 +0200,2016-12-09 09:23:22 +0100,true,2015-05-24 18:17:00 +0200,,
1696041,d,2015-05-24 18:05:00 +0200,OK0508,Copenhagen (DK),Czech Airlines,Terminal 2,C2,Departed 18:40,2016-07-17 03:45:39 +0200,2016-12-09 09:02:42 +0100,true,2015-05-24 18:40:00 +0200,,
2064558,d,2015-05-24 18:05:00 +0200,QS1152,Malaga (ES),Travel Service,Terminal 2,D6,Departed 18:15,2016-07-17 03:45:39 +0200,2016-12-09 09:24:17 +0100,true,2015-05-24 18:15:00 +0200,,
1691395,d,2015-05-24 18:15:00 +0200,LH1399,Frankfurt (DE),Lufthansa,Terminal 2,C9,Departed 18:10,2016-07-17 03:45:39 +0200,2016-12-09 08:55:19 +0100,true,2015-05-24 18:10:00 +0200,,
2076061,d,2015-05-24 18:20:00 +0200,QS2286,Rhodes (GR),Travel Service,Terminal 2,D5,Departed 18:21,2016-07-17 03:45:39 +0200,2016-12-09 09:26:14 +0100,true,2015-05-24 18:21:00 +0200,,
2005424,d,2015-05-24 18:25:00 +0200,OK7322,Braunschweig (DE),Czech Airlines,Terminal 3,C14,Departed 18:27,2016-07-17 03:45:39 +0200,2016-12-09 09:19:04 +0100,true,2015-05-24 18:27:00 +0200,,
1703864,d,2015-05-24 18:30:00 +0200,KL1358,Amsterdam (NL),Klm Royal Dutch Airlines,Terminal 2,C4,Departed 18:39,2016-07-17 03:45:39 +0200,2016-12-09 08:51:44 +0100,true,2015-05-24 18:39:00 +0200,,
1851293,d,2015-05-24 18:30:00 +0200,OK0190,Seoul/Incheon (KR),Czech Airlines,Terminal 1,B3,Departed 18:30,2016-07-17 03:45:39 +0200,2016-12-09 09:01:32 +0100,true,2015-05-24 18:30:00 +0200,,
1685949,d,2015-05-24 18:35:00 +0200,SN2812,Brussels/Zaventem (BE),Brussels Airlines,Terminal 2,C6,Departed 18:49,2016-07-17 03:45:39 +0200,2016-12-09 09:36:40 +0100,true,2015-05-24 18:49:00 +0200,,
2041292,d,2015-05-24 18:40:00 +0200,OS0710,Vienna (AT),Austrian Airlines,Terminal 2,C13,Departed 18:38,2016-07-17 03:45:39 +0200,2016-12-09 09:20:22 +0100,true,2015-05-24 18:38:00 +0200,,
2051307,d,2015-05-24 18:40:00 +0200,QS1036,Paris/CDG (FR),Travel Service,Terminal 2,D1,Departed 18:46,2016-07-17 03:45:39 +0200,2016-12-09 09:22:32 +0100,true,2015-05-24 18:46:00 +0200,,
2052992,d,2015-05-24 18:45:00 +0200,QS1058,Barcelona (ES),Travel Service,Terminal 2,D4,Departed 18:54,2016-07-17 03:45:39 +0200,2016-12-09 09:22:47 +0100,true,2015-05-24 18:54:00 +0200,,
1888552,d,2015-05-24 19:00:00 +0200,TP1307,Lisbon (PT),Tap Portugal,Terminal 2,C7,Departed 19:04,2016-07-17 03:45:39 +0200,2016-12-09 09:42:09 +0100,true,2015-05-24 19:04:00 +0200,,
1881421,d,2015-05-24 19:10:00 +0200,TK1770,Istanbul/Atatürk (TR),Turkish Airlines,Terminal 1,A5,Departed 19:19,2016-07-17 03:45:39 +0200,2016-12-09 09:41:42 +0100,true,2015-05-24 19:19:00 +0200,,
1686601,d,2015-05-24 19:20:00 +0200,EZY4976,Rome/Fiumicino (IT),Easyjet,Terminal 2,D6,Departed 19:19,2016-07-17 03:45:39 +0200,2016-12-09 08:41:47 +0100,true,2015-05-24 19:19:00 +0200,,
1701964,d,2015-05-24 19:25:00 +0200,AB8247,Berlin/Tegel (DE),Air Berlin,Terminal 2,C20,Departed 19:16,2016-07-17 03:45:39 +0200,2016-12-09 08:21:24 +0100,true,2015-05-24 19:16:00 +0200,,
1873134,d,2015-05-24 19:30:00 +0200,AY0718,Helsinki (FI),Finnair,Terminal 2,D2,Departed 19:27,2016-07-17 03:45:39 +0200,2016-12-09 08:26:32 +0100,true,2015-05-24 19:27:00 +0200,,
1635605,d,2015-05-24 19:40:00 +0200,LH1401,Frankfurt (DE),Lufthansa,Terminal 2,C9,Departed 19:40,2016-07-17 03:45:39 +0200,2016-12-09 08:55:32 +0100,true,2015-05-24 19:40:00 +0200,,
1786147,d,2015-05-24 19:45:00 +0200,LX1499,Zurich (CH),Swiss International Air Lines,Terminal 2,C6,Departed 19:38,2016-07-17 03:45:39 +0200,2016-12-09 08:59:17 +0100,true,2015-05-24 19:38:00 +0200,,
1694134,d,2015-05-24 19:45:00 +0200,W62609,London/Luton (GB),Wizz Air,Terminal 1,B10,Departed 19:46,2016-07-17 03:45:39 +0200,2016-12-09 09:50:30 +0100,true,2015-05-24 19:46:00 +0200,,
1807038,d,2015-05-24 19:50:00 +0200,LS0888,Manchester (GB),Jet2.com,Terminal 1,B1,Departed 19:57,2016-07-17 03:45:39 +0200,2016-12-09 08:58:14 +0100,true,2015-05-24 19:57:00 +0200,,
2054897,d,2015-05-24 20:00:00 +0200,QS1096,London/Gatwick (GB),Travel Service,Terminal 1,A2,Departed 20:04,2016-07-17 03:45:39 +0200,2016-12-09 09:23:04 +0100,true,2015-05-24 20:04:00 +0200,,
1845136,d,2015-05-24 20:15:00 +0200,BA0857,London/Heathrow (GB),British Airways,Terminal 1,A3,Departed 20:16,2016-07-17 03:45:39 +0200,2016-12-09 08:28:59 +0100,true,2015-05-24 20:16:00 +0200,,
1846513,d,2015-05-24 20:30:00 +0200,LO0526,Warsaw (PL),Lot Polish Airlines,Terminal 2,C5,Departed 20:21,2016-07-17 03:45:39 +0200,2016-12-09 08:57:31 +0100,true,2015-05-24 20:21:00 +0200,,
1692489,d,2015-05-24 20:35:00 +0200,AF1583,Paris/CDG (FR),Air France,Terminal 2,C2,Departed 20:17,2016-07-17 03:45:39 +0200,2016-12-09 08:24:34 +0100,true,2015-05-24 20:17:00 +0200,,
1709068,d,2015-05-24 20:35:00 +0200,SK6254,Copenhagen (DK),Sas Scandinavian Airlines Syst,Terminal 2,C20,Departed 20:37,2016-07-17 03:45:39 +0200,2016-12-09 09:36:10 +0100,true,2015-05-24 20:37:00 +0200,,
1724827,d,2015-05-24 20:40:00 +0200,SK1768,Stockholm/Arlanda (SE),Sas Scandinavian Airlines Syst,Terminal 2,C10,Departed 20:43,2016-07-17 03:45:39 +0200,2016-12-09 09:36:04 +0100,true,2015-05-24 20:43:00 +0200,,
1920011,d,2015-05-24 20:50:00 +0200,LS0154,Glasgow (GB),Jet2.com,Terminal 1,A5,Departed 21:01,2016-07-17 03:45:39 +0200,2016-12-09 08:57:48 +0100,true,2015-05-24 21:01:00 +0200,,
1845634,d,2015-05-24 20:55:00 +0200,JU0615,Belgrade (RS),Air Serbia,Terminal 1,B15,Departed 20:57,2016-07-17 03:45:39 +0200,2016-12-09 08:47:01 +0100,true,2015-05-24 20:57:00 +0200,,
1732052,d,2015-05-24 21:00:00 +0200,TO3567,Paris/Orly (FR),Transavia France,Terminal 2,D3,Departed 20:53,2016-07-17 03:45:39 +0200,2016-12-09 09:41:56 +0100,true,2015-05-24 20:53:00 +0200,,
1599111,d,2015-05-24 21:05:00 +0200,VY8657,Barcelona (ES),Vueling,Terminal 2,D4,Departed 21:07,2016-07-17 03:45:39 +0200,2016-12-09 09:49:58 +0100,true,2015-05-24 21:07:00 +0200,,
1692818,d,2015-05-24 21:15:00 +0200,LS0196,Leeds (GB),Jet2.com,Terminal 1,A8,Departed 21:16,2016-07-17 03:45:39 +0200,2016-12-09 08:57:52 +0100,true,2015-05-24 21:16:00 +0200,,
2043598,d,2015-05-24 21:20:00 +0200,OS0712,Vienna (AT),Austrian Airlines,Terminal 2,C13,Departed 21:26,2016-07-17 03:45:39 +0200,2016-12-09 09:20:38 +0100,true,2015-05-24 21:26:00 +0200,,
1683762,d,2015-05-24 21:30:00 +0200,4U0773,Cologne/Bonn (DE),Germanwings,Terminal 2,D2,Departed 21:41,2016-07-17 03:45:39 +0200,2016-12-09 08:18:16 +0100,true,2015-05-24 21:41:00 +0200,,
1683864,d,2015-05-24 21:30:00 +0200,EZY3806,Paris/CDG (FR),Easyjet,Terminal 2,D5,Departed 21:33,2016-07-17 03:45:39 +0200,2016-12-09 08:41:25 +0100,true,2015-05-24 21:33:00 +0200,,
1688900,d,2015-05-24 21:40:00 +0200,EZY3068,London/Stansted (GB),Easyjet,Terminal 1,B5,Departed 21:34,2016-07-17 03:45:39 +0200,2016-12-09 08:41:11 +0100,true,2015-05-24 21:34:00 +0200,,
1777066,d,2015-05-24 21:50:00 +0200,EZY2586,Milan/Malpensa (IT),Easyjet,Terminal 2,D6,Departed 21:47,2016-07-17 03:45:39 +0200,2016-12-09 08:40:54 +0100,true,2015-05-24 21:47:00 +0200,,
1912748,d,2015-05-24 21:50:00 +0200,EZY5498,London/Gatwick (GB),Easyjet,Terminal 1,B1,Departed 21:52,2016-07-17 03:45:39 +0200,2016-12-09 08:42:11 +0100,true,2015-05-24 21:52:00 +0200,,
1796960,d,2015-05-24 21:55:00 +0200,DY1505,Oslo (NO),Norwegian,Terminal 2,D1,Departed 22:23,2016-07-17 03:45:39 +0200,2016-12-09 08:37:23 +0100,true,2015-05-24 22:23:00 +0200,,
1913432,d,2015-05-24 21:55:00 +0200,EZY6268,Bristol (GB),Easyjet,Terminal 1,A2,Departed 21:42,2016-07-17 03:45:39 +0200,2016-12-09 08:42:23 +0100,true,2015-05-24 21:42:00 +0200,,
1776443,d,2015-05-24 22:00:00 +0200,FR2014,London/Stansted (GB),Ryanair,Terminal 1,B10,Departed 22:06,2016-07-17 03:45:39 +0200,2016-12-09 08:43:17 +0100,true,2015-05-24 22:06:00 +0200,,
1958320,d,2015-05-24 22:00:00 +0200,OK0521,Ostrava (CZ),Czech Airlines,Terminal 2,C14,Departed 22:08,2016-07-17 03:45:39 +0200,2016-12-09 09:03:10 +0100,true,2015-05-24 22:08:00 +0200,,
1702272,d,2015-05-24 22:00:00 +0200,OK0912,Ekaterinburg (RU),Czech Airlines,Terminal 1,B8,Departed 22:06,2016-07-17 03:45:39 +0200,2016-12-09 09:10:49 +0100,true,2015-05-24 22:06:00 +0200,,
1849883,d,2015-05-24 22:05:00 +0200,OK0910,Samara (RU),Czech Airlines,Terminal 1,B7,Departed 22:05,2016-07-17 03:45:39 +0200,2016-12-09 09:10:44 +0100,true,2015-05-24 22:05:00 +0200,,
2025271,d,2015-05-24 22:10:00 +0200,OK0976,Kiev/Borispol (UA) via Kosice (SK),Czech Airlines,Terminal 1,B14,Departed 22:21,2016-07-17 03:45:39 +0200,2016-12-09 09:11:39 +0100,true,2015-05-24 22:21:00 +0200,,
1838645,d,2015-05-24 22:40:00 +0200,OK0914,Rostov on Don (RU),Czech Airlines,Terminal 1,B4,Departed 22:31,2016-07-17 03:45:39 +0200,2016-12-09 09:10:54 +0100,true,2015-05-24 22:31:00 +0200,,
2072625,d,2015-05-24 22:50:00 +0200,QS1286,Tel Aviv (IL),Travel Service,Terminal 1,A4,Departed 23:05,2016-07-17 03:45:39 +0200,2016-12-09 09:25:30 +0100,true,2015-05-24 23:05:00 +0200,,
1680388,d,2015-05-24 23:50:00 +0200,OK0286,Tel Aviv (IL),Czech Airlines,Terminal 1,B5,Departed 23:59,2016-07-17 03:45:39 +0200,2016-12-09 09:01:48 +0100,true,2015-05-24 23:59:00 +0200,,
2077110,d,2015-05-24 23:55:00 +0200,QS2512,Sharm El Sheikh (EG),Travel Service,Terminal 1,A9,Departed 00:14,2016-07-17 03:45:39 +0200,2016-12-15 14:18:43 +0100,true,2015-05-25 00:14:00 +0200,,
2078014,d,2015-05-24 23:55:00 +0200,QS2530,Hurghada (EG),Travel Service,Terminal 1,A5,Departed 00:10,2016-07-17 03:45:39 +0200,2016-12-15 14:18:46 +0100,true,2015-05-25 00:10:00 +0200,,
2078559,d,2015-05-25 00:05:00 +0200,QS2552,Hurghada (EG),Travel Service,Terminal 1,B3,Departed 00:19,2016-07-17 03:45:39 +0200,2016-12-09 09:26:37 +0100,true,2015-05-25 00:19:00 +0200,,
1852127,d,2015-05-25 01:00:00 +0200,SU2017,Moscow/Sheremetyevo (RU),Aeroflot,Terminal 1,A7,Departed 00:48,2016-07-17 03:45:39 +0200,2016-12-09 09:39:39 +0100,true,2015-05-25 00:48:00 +0200,,
